    0.69282    0.39951
    1.38564    0.79804
    2.07846    1.19559
    2.77128    1.59216
    3.46410    1.98775
    4.15692    2.38236
    4.84974    2.77599
    5.54256    3.16864
    6.23538    3.56031
    6.92820    3.95100
    7.62102    4.34071
    8.31384    4.72944
    9.00666    5.11719
    9.69948    5.50396
   10.39230    5.88975
   11.08512    6.27456
   11.77794    6.65839
   12.47076    7.04124
   13.16359    7.42311
   13.85641    7.80400
   14.54923    8.18391
   15.24205    8.56284
   15.93487    8.94079
   16.62769    9.31776
   17.32051    9.69375
   18.01333   10.06876
   18.70615   10.44279
   19.39897   10.81584
   20.09179   11.18791
   20.78461   11.55900
   21.47743   11.92911
   22.17025   12.29824
   22.86307   12.66639
   23.55589   13.03356
   24.24871   13.39975
   24.94153   13.76496
   25.63435   14.12919
   26.32717   14.49244
   27.01999   14.85471
   27.71281   15.21600
   28.40563   15.57631
   29.09845   15.93564
   29.79127   16.29399
   30.48409   16.65136
   31.17691   17.00775
   31.86973   17.36316
   32.56255   17.71759
   33.25537   18.07104
   33.94819   18.42351
   34.64101   18.77500
   35.33384   19.12551
   36.02665   19.47504
   36.71947   19.82359
   37.41229   20.17116
   38.10512   20.51775
   38.79794   20.86336
   39.49076   21.20799
   40.18357   21.55164
   40.87640   21.89431
   41.56921   22.23600
   42.26204   22.57671
   42.95486   22.91644
   43.64768   23.25519
   44.34050   23.59296
   45.03332   23.92975
   45.72614   24.26556
   46.41896   24.60039
   47.11178   24.93424
   47.80460   25.26711
   48.49742   25.59900
   49.19024   25.92991
   49.88306   26.25984
   50.57588   26.58879
   51.26870   26.91676
   51.96152   27.24375
   52.65434   27.56976
   53.34716   27.89479
   54.03998   28.21884
   54.73280   28.54191
   55.42562   28.86400
   56.11844   29.18511
   56.81126   29.50524
   57.50408   29.82439
   58.19690   30.14256
   58.88972   30.45975
   59.58254   30.77596
   60.27536   31.09119
   60.96819   31.40544
   61.66100   31.71871
   62.35382   32.03100
   63.04664   32.34231
   63.73946   32.65264
   64.43229   32.96199
   65.12511   33.27036
   65.81792   33.57775
   66.51074   33.88416
   67.20357   34.18959
   67.89639   34.49404
   68.58920   34.79751
   69.28203   35.10000
   69.97485   35.40151
   70.66767   35.70204
   71.36049   36.00159
   72.05331   36.30016
   72.74612   36.59775
   73.43895   36.89436
   74.13177   37.18999
   74.82458   37.48464
   75.51741   37.77831
   76.21024   38.07100
   76.90305   38.36271
   77.59587   38.65344
   78.28869   38.94319
   78.98151   39.23196
   79.67433   39.51975
   80.36715   39.80656
   81.05997   40.09239
   81.75279   40.37724
   82.44561   40.66111
   83.13843   40.94400
   83.83125   41.22591
   84.52408   41.50684
   85.21690   41.78679
   85.90971   42.06576
   86.60254   42.34375
   87.29536   42.62076
   87.98817   42.89679
   88.68099   43.17184
   89.37382   43.44591
   90.06664   43.71900
   90.75945   43.99111
   91.45227   44.26224
   92.14510   44.53239
   92.83791   44.80156
   93.53074   45.06975
   94.22356   45.33696
   94.91638   45.60319
   95.60920   45.86844
   96.30202   46.13271
   96.99483   46.39600
   97.68766   46.65831
   98.38048   46.91964
   99.07330   47.17999
   99.76611   47.43936
  100.45894   47.69775
  101.15176   47.95516
  101.84457   48.21159
  102.53740   48.46704
  103.23022   48.72151
  103.92304   48.97500
  104.61586   49.22751
  105.30869   49.47904
  106.00150   49.72959
  106.69432   49.97916
  107.38714   50.22775
  108.07996   50.47536
  108.77278   50.72198
  109.46560   50.96764
  110.15842   51.21231
  110.85124   51.45600
  111.54407   51.69871
  112.23689   51.94044
  112.92970   52.18119
  113.62253   52.42096
  114.31535   52.65975
  115.00816   52.89756
  115.70098   53.13438
  116.39381   53.37024
  117.08662   53.60511
  117.77944   53.83900
  118.47226   54.07191
  119.16508   54.30384
  119.85791   54.53479
  120.55073   54.76476
  121.24355   54.99375
  121.93637   55.22176
  122.62919   55.44879
  123.32201   55.67484
  124.01483   55.89991
  124.70765   56.12400
  125.40047   56.34711
  126.09328   56.56924
  126.78611   56.79039
  127.47893   57.01056
  128.17175   57.22975
  128.86458   57.44796
  129.55739   57.66519
  130.25021   57.88144
  130.94304   58.09671
  131.63585   58.31100
  132.32867   58.52431
  133.02148   58.73663
  133.71431   58.94799
  134.40714   59.15836
  135.09995   59.36775
  135.79277   59.57616
  136.48560   59.78358
  137.17841   59.99004
  137.87123   60.19551
  138.56406   60.40000
  139.25688   60.60351
  139.94969   60.80605
  140.64252   61.00758
  141.33534   61.20816
  142.02815   61.40775
  142.72098   61.60635
  143.41379   61.80399
  144.10661   62.00064
  144.79944   62.19631
  145.49225   62.39100
  146.18507   62.58471
  146.87790   62.77744
  147.57071   62.96919
  148.26353   63.15995
  148.95634   63.34975
  149.64917   63.53856
  150.34200   63.72639
  151.03482   63.91325
  151.72765   64.09911
  152.42047   64.28400
  153.11328   64.46791
  153.80611   64.65084
  154.49892   64.83279
  155.19174   65.01376
  155.88457   65.19375
  156.57738   65.37276
  157.27020   65.55080
  157.96303   65.72784
  158.65584   65.90391
  159.34866   66.07899
  160.04149   66.25311
  160.73430   66.42624
  161.42712   66.59839
  162.11993   66.76956
  162.81276   66.93975
  163.50558   67.10896
  164.19839   67.27719
  164.89122   67.44444
  165.58405   67.61070
  166.27686   67.77599
  166.96968   67.94031
  167.66249   68.10364
  168.35532   68.26599
  169.04816   68.42737
  169.74097   68.58775
  170.43379   68.74716
  171.12662   68.90559
  171.81943   69.06303
  172.51225   69.21951
  173.20508   69.37500
  173.89789   69.52951
  174.59071   69.68304
  175.28352   69.83559
  175.97635   69.98716
  176.66917   70.13775
  177.36198   70.28735
  178.05481   70.43599
  178.74763   70.58363
  179.44044   70.73031
  180.13327   70.87601
  180.82608   71.02071
  181.51891   71.16444
  182.21173   71.30719
  182.90454   71.44895
  183.59737   71.58974
  184.29019   71.72955
  184.98300   71.86839
  185.67583   72.00624
  186.36865   72.14311
  187.06148   72.27900
  187.75430   72.41391
  188.44711   72.54784
  189.13994   72.68079
  189.83276   72.81276
  190.52557   72.94375
  191.21840   73.07376
  191.91122   73.20279
  192.60403   73.33084
  193.29686   73.45791
  193.98967   73.58400
  194.68250   73.70911
  195.37532   73.83324
  196.06813   73.95639
  196.76096   74.07856
  197.45378   74.19975
  198.14659   74.31995
  198.83942   74.43919
  199.53223   74.55744
  200.22505   74.67471
  200.91788   74.79099
  201.61069   74.90631
  202.30351   75.02064
  202.99634   75.13399
  203.68915   75.24635
  204.38199   75.35774
  205.07480   75.46815
  205.76762   75.57759
  206.46045   75.68604
  207.15326   75.79350
  207.84608   75.89999
  208.53891   76.00551
  209.23172   76.11005
  209.92455   76.21359
  210.61737   76.31616
  211.31018   76.41776
  212.00301   76.51836
  212.69582   76.61798
  213.38864   76.71664
  214.08147   76.81432
  214.77428   76.91100
  215.46710   77.00671
  216.15993   77.10144
  216.85274   77.19519
  217.54556   77.28795
  218.23837   77.37975
  218.93120   77.47056
  219.62402   77.56039
  220.31683   77.64924
  221.00966   77.73711
  221.70248   77.82400
  222.39531   77.90990
  223.08813   77.99484
  223.78094   78.07878
  224.47377   78.16177
  225.16660   78.24374
  225.85941   78.32475
  226.55223   78.40479
  227.24506   78.48384
  227.93787   78.56192
  228.63069   78.63900
  229.32352   78.71510
  230.01633   78.79025
  230.70915   78.86440
  231.40196   78.93755
  232.09479   79.00975
  232.78761   79.08095
  233.48042   79.15118
  234.17325   79.22044
  234.86607   79.28870
  235.55888   79.35600
  236.25171   79.42230
  236.94452   79.48763
  237.63734   79.55199
  238.33017   79.61536
  239.02298   79.67776
  239.71582   79.73915
  240.40865   79.79959
  241.10146   79.85904
  241.79428   79.91751
  242.48709   79.97501
  243.17992   80.03151
  243.87274   80.08704
  244.56555   80.14159
  245.25838   80.19516
  245.95120   80.24775
  246.64401   80.29935
  247.33684   80.34999
  248.02966   80.39964
  248.72247   80.44830
  249.41530   80.49600
  250.10811   80.54271
  250.80093   80.58843
  251.49376   80.63319
  252.18657   80.67695
  252.87939   80.71975
  253.57222   80.76156
  254.26503   80.80238
  254.95786   80.84224
  255.65067   80.88110
  256.34351   80.91901
  257.03632   80.95591
  257.72916   80.99184
  258.42197   81.02679
  259.11478   81.06077
  259.80762   81.09375
  260.50043   81.12576
  261.19324   81.15679
  261.88608   81.18684
  262.57889   81.21591
  263.27170   81.24400
  263.96454   81.27110
  264.65735   81.29724
  265.35016   81.32239
  266.04297   81.34655
  266.73581   81.36975
  267.42862   81.39196
  268.12143   81.41319
  268.81427   81.43344
  269.50708   81.45271
  270.19989   81.47100
  270.89273   81.48830
  271.58554   81.50463
  272.27835   81.51999
  272.97119   81.53436
  273.66400   81.54775
  274.35681   81.56016
  275.04965   81.57159
  275.74246   81.58203
  276.43530   81.59151
  277.12811   81.60000
  277.82092   81.60751
  278.51376   81.61404
  279.20654   81.61958
  279.89938   81.62417
  280.59219   81.62775
  281.28503   81.63035
  281.97784   81.63199
  282.67068   81.63264
  283.36346   81.63232
  284.05630   81.63100
  284.74915   81.62871
  285.44196   81.62543
  286.13480   81.62119
  286.82758   81.61596
  287.52042   81.60974
  288.21323   81.60256
  288.90607   81.59439
  289.59888   81.58524
  290.29169   81.57511
  290.98450   81.56400
  291.67734   81.55190
  292.37015   81.53883
  293.06299   81.52478
  293.75580   81.50976
  294.44861   81.49374
  295.14142   81.47677
  295.83426   81.45879
  296.52707   81.43983
  297.21991   81.41991
  297.91269   81.39899
  298.60553   81.37711
  299.29834   81.35424
  299.99118   81.33038
  300.68399   81.30556
  301.37683   81.27975
  302.06964   81.25297
  302.76245   81.22518
  303.45529   81.19644
  304.14810   81.16670
  304.84094   81.13599
  305.53372   81.10431
  306.22656   81.07164
  306.91937   81.03799
  307.61221   81.00336
  308.30502   80.96775
  308.99783   80.93115
  309.69064   80.89359
  310.38348   80.85504
  311.07629   80.81551
  311.76913   80.77499
  312.46194   80.73351
  313.15475   80.69104
  313.84756   80.64758
  314.54041   80.60316
  315.23322   80.55775
  315.92606   80.51135
  316.61884   80.46399
  317.31168   80.41564
  318.00449   80.36631
  318.69733   80.31599
  319.39017   80.26471
  320.08298   80.21243
  320.77579   80.15919
  321.46860   80.10495
  322.16144   80.04974
  322.85425   79.99356
  323.54709   79.93639
  324.23987   79.87824
  324.93271   79.81911
  325.62552   79.75901
  326.31836   79.69790
  327.01117   79.63583
  327.70398   79.57278
  328.39679   79.50876
  329.08963   79.44375
  329.78244   79.37776
  330.47528   79.31079
  331.16809   79.24284
  331.86090   79.17391
  332.55371   79.10400
  333.24655   79.03310
  333.93936   78.96124
  334.63220   78.88839
  335.32498   78.81456
  336.01782   78.73975
  336.71063   78.66396
  337.40347   78.58719
  338.09631   78.50945
  338.78912   78.43070
  339.48193   78.35100
  340.17474   78.27031
  340.86758   78.18863
  341.56039   78.10600
  342.25323   78.02236
  342.94601   77.93776
  343.63885   77.85215
  344.33167   77.76559
  345.02451   77.67803
  345.71732   77.58951
  346.41016   77.50000
  347.10294   77.40951
  347.79578   77.31805
  348.48859   77.22558
  349.18143   77.13216
  349.87424   77.03775
  350.56705   76.94235
  351.25986   76.84599
  351.95270   76.74863
  352.64551   76.65032
  353.33835   76.55100
  354.03113   76.45071
  354.72397   76.34944
  355.41681   76.24719
  356.10962   76.14397
  356.80246   76.03975
  357.49527   75.93456
  358.18808   75.82838
  358.88089   75.72124
  359.57373   75.61311
  360.26654   75.50401
  360.95938   75.39389
  361.65216   75.28284
  362.34500   75.17078
  363.03781   75.05777
  363.73065   74.94374
  364.42346   74.82877
  365.11630   74.71280
  365.80908   74.59583
  366.50192   74.47792
  367.19473   74.35899
  367.88757   74.23911
  368.58038   74.11824
  369.27319   73.99638
  369.96600   73.87357
  370.65884   73.74976
  371.35165   73.62497
  372.04449   73.49918
  372.73730   73.37244
  373.43011   73.24471
  374.12296   73.11600
  374.81577   72.98631
  375.50861   72.85564
  376.20142   72.72398
  376.89423   72.59137
  377.58704   72.45775
  378.27988   72.32315
  378.97269   72.18759
  379.66553   72.05103
  380.35831   71.91351
  381.05115   71.77499
  381.74396   71.63551
  382.43680   71.49504
  383.12961   71.35358
  383.82245   71.21117
  384.51523   71.06775
  385.20807   70.92336
  385.90088   70.77798
  386.59372   70.63164
  387.28653   70.48431
  387.97934   70.33600
  388.67215   70.18672
  389.36499   70.03642
  390.05780   69.88519
  390.75064   69.73296
  391.44345   69.57974
  392.13626   69.42557
  392.82910   69.27039
  393.52191   69.11424
  394.21475   68.95711
  394.90756   68.79900
  395.60037   68.63991
  396.29318   68.47983
  396.98602   68.31877
  397.67883   68.15675
  398.37167   67.99374
  399.06445   67.82977
  399.75729   67.66479
  400.45010   67.49884
  401.14294   67.33191
  401.83575   67.16399
  402.52859   66.99510
  403.22137   66.82524
  403.91422   66.65439
  404.60703   66.48256
  405.29987   66.30975
  405.99268   66.13597
  406.68549   65.96118
  407.37830   65.78545
  408.07114   65.60870
  408.76398   65.43098
  409.45679   65.25230
  410.14960   65.07263
  410.84241   64.89200
  411.53525   64.71036
  412.22806   64.52776
  412.92090   64.34415
  413.61371   64.15958
  414.30652   63.97403
  414.99933   63.78751
  415.69217   63.59999
  416.38498   63.41151
  417.07782   63.22203
  417.77060   63.03159
  418.46344   62.84016
  419.15625   62.64775
  419.84909   62.45436
  420.54190   62.25998
  421.23474   62.06464
  421.92752   61.86832
  422.62036   61.67101
  423.31317   61.47272
  424.00601   61.27342
  424.69882   61.07320
  425.39163   60.87195
  426.08447   60.66974
  426.77728   60.46655
  427.47012   60.26237
  428.16293   60.05725
  428.85574   59.85110
  429.54855   59.64401
  430.24139   59.43590
  430.93420   59.22684
  431.62704   59.01678
  432.31985   58.80576
  433.01266   58.59375
  433.70547   58.38077
  434.39832   58.16679
  435.09113   57.95183
  435.78397   57.73592
  436.47675   57.51900
  437.16959   57.30110
  437.86240   57.08224
  438.55524   56.86238
  439.24805   56.64157
  439.94089   56.41975
  440.63367   56.19696
  441.32651   55.97319
  442.01932   55.74844
  442.71216   55.52271
  443.40497   55.29601
  444.09778   55.06831
  444.79062   54.83963
  445.48343   54.60997
  446.17627   54.37935
  446.86908   54.14777
  447.56189   53.91515
  448.25470   53.68159
  448.94754   53.44705
  449.64035   53.21150
  450.33319   52.97499
  451.02600   52.73752
  451.71881   52.49902
  452.41162   52.25958
  453.10446   52.01917
  453.79727   51.77777
  454.49011   51.53535
  455.18289   51.29198
  455.87573   51.04765
  456.56854   50.80229
  457.26138   50.55600
  457.95419   50.30872
  458.64703   50.06044
  459.33981   49.81119
  460.03265   49.56097
  460.72546   49.30977
  461.41830   49.05757
  462.11115   48.80435
  462.80392   48.55023
  463.49677   48.29510
  464.18958   48.03902
  464.88242   47.78189
  465.57523   47.52382
  466.26804   47.26480
  466.96085   47.00473
  467.65369   46.74374
  468.34650   46.48177
  469.03934   46.21878
  469.73215   45.95483
  470.42496   45.68991
  471.11777   45.42401
  471.81061   45.15710
  472.50342   44.88924
  473.19626   44.62041
  473.88904   44.35056
  474.58188   44.07976
  475.27469   43.80798
  475.96753   43.53519
  476.66034   43.26144
  477.35318   42.98671
  478.04596   42.71103
  478.73880   42.43430
  479.43164   42.15662
  480.12445   41.87798
  480.81729   41.59836
  481.51007   41.31775
  482.20291   41.03615
  482.89572   40.75359
  483.58856   40.47005
  484.28137   40.18550
  484.97418   39.90001
  485.66699   39.61353
  486.35983   39.32603
  487.05264   39.03760
  487.74548   38.74815
  488.43829   38.45778
  489.13110   38.16634
  489.82391   37.87401
  490.51675   37.58064
  491.20956   37.28632
  491.90240   36.99100
  492.59518   36.69472
  493.28802   36.39743
  493.98083   36.09918
  494.67368   35.79997
  495.36649   35.49977
  496.05933   35.19856
  496.75214   34.89638
  497.44495   34.59323
  498.13779   34.28909
  498.83060   33.98401
  499.52344   33.67789
  500.21622   33.37085
  500.90906   33.06277
  501.60187   32.75375
  502.29471   32.44373
  502.98752   32.13275
  503.68036   31.82077
  504.37314   31.50781
  505.06598   31.19391
  505.75879   30.87900
  506.45163   30.56311
  507.14444   30.24625
  507.83725   29.92841
  508.53006   29.60956
  509.22290   29.28976
  509.91571   28.96896
  510.60855   28.64719
  511.30133   28.32443
  511.99417   28.00073
  512.68701   27.67603
  513.37982   27.35031
  514.07263   27.02365
  514.76544   26.69595
  515.45831   26.36734
  516.15112   26.03775
  516.84393   25.70715
  517.53674   25.37558
  518.22955   25.04306
  518.92236   24.70950
  519.61523   24.37500
  520.30804   24.03952
  521.00085   23.70303
  521.69366   23.36560
  522.38647   23.02716
  523.07928   22.68777
  523.77216   22.34735
  524.46490   22.00601
  525.15778   21.66364
  525.85059   21.32031
  526.54340   20.97598
  527.23621   20.63074
  527.92908   20.28442
  528.62183   19.93719
  529.31470   19.58896
  530.00751   19.23975
  530.70032   18.88956
  531.39313   18.53839
  532.08594   18.18622
  532.77881   17.83313
  533.47162   17.47900
  534.16443   17.12390
  534.85724   16.76785
  535.55005   16.41077
  536.24286   16.05276
  536.93573   15.69373
  537.62854   15.33377
  538.32135   14.97278
  539.01416   14.61084
  539.70697   14.24789
  540.39978   13.88400
  541.09265   13.51910
  541.78546   13.15323
  542.47827   12.78641
  543.17108   12.41855
  543.86389   12.04974
  544.55670   11.67996
  545.24957   11.30917
  545.94238   10.93744
  546.63519   10.56473
  547.32800   10.19101
  548.02081    9.81631
  548.71362    9.44064
  549.40649    9.06400
  550.09930    8.68634
  550.79211    8.30777
  551.48492    7.92813
  552.17773    7.54758
  552.87061    7.16605
  553.56342    6.78348
  554.25623    6.39999
  554.94904    6.01553
  555.64185    5.63007
  556.33466    5.24359
  557.02753    4.85617
  557.72034    4.46771
  558.41309    4.07834
  559.10596    3.68799
  559.79877    3.29666
  560.49164    2.90430
  561.18439    2.51102
  561.87720    2.11673
  562.57007    1.72141
  563.26288    1.32520
  563.95569    0.92798
  564.64850    0.52979
  565.34137    0.13055
  566.03418   -0.26962
